realsense_static
franka_world
-0.08404517 -0.41463425 1.93455453
0.13151893 0.99131042 -0.00253572
0.73982539 -0.09985588 -0.66534742
-0.65981904 0.08562979 -0.74652955


original translation: -0.05251143 -0.53660798 0.9529178  

transformed translation: 0.95291789 -0.05251143 0.53660798

transformed rotation: 
-0.88561494  0.00502558  0.46439306
-0.46011431  0.12635522 -0.87882261
-0.06309508 -0.99197233 -0.10958972

original rotation:
0.09398036  0.99549272 -0.01272578
0.81035996 -0.08391573 -0.57989214
-0.57834629  0.04418601 -0.81459387



other original translation: -0.07344859 -0.62183756 0.90062374

other transformed translation: 0.90062374 -0.07344859 0.62183756


original rotation inverse:
0.1412884   0.88434263 -0.4449446 
0.9897943  -0.11776046  0.08024787
0.01856973 -0.45174172 -0.89195548

original rotation:
0.1412884   0.9897943   0.01856973
0.88434263 -0.11776046 -0.45174172
-0.4449446   0.08024787 -0.89195548

transformed translation: 0.80907727 -0.08301163 0.63111515